lr_rate :     0.1      0.01      0.001       0.0001
train_err:   5.87388   5.86728   5.867147     5.86713953917
test_public: 7.88867   7.81864   7.81193     7.81126
test_private: 5.44458  5.48561    5.49032     5.49079
pm2.5======
lr_rate:  0.1         0.01       0.001       0.0001
train:    6.12776    6.123077   6.123022    6.123022
test:     7.51011    7.44742    7.44087    7.44022
private  5.57731     5.62128     5.62659   5.62713
